v111A =  0.4666468

Y211A =  2.525525
Y211A_N348A = 2.525525 + 2.677509
Y211A_N348W = 2.525525 + 5.681259
Y211A_R111A = 2.525525 + -4.966296
Y211D =  -2.760073
Y211T =  0.875825
N348A =  -2.149291
N348K =  3.184248
N348W =  3.033377
