v97A  =  0.3776467
v98A  = -4.908209
v111A =  -6.088553,0.4666468
v112A = -0.5738704
v113A =  1.292082
v114A =  0.6105639

Y211A =  5.609258,2.525525
Y211A_N348A = 2.525525 + 2.677509
Y211A_N348W = 2.525525 + 5.681259
Y211A_R111A = 2.525525 + -4.966296
Y211D =  1.916101,-2.760073
Y211T =  3.294125,0.875825
212A  = -2.865095
213A  =  1.701761
N348A =  2.760735,-2.149291
N348K =  5.406225,3.184248
N348W =  3.133013,3.033377
